,Returns,Volatility,Sharpe Ratio,NOVN,ZOM,AMTX,EOLS
29438,0.5222765799220321,0.6669882893351274,0.7830371061576689,0.2637900955820671,0.4348145693303714,0.12604696197162646,0.17534837311593504
43109,0.5881853207068195,0.6783184843880254,0.867122648496711,0.295887082088853,0.3914498563886845,0.1316411974159185,0.1810218641065441
13444,0.6325967827992877,0.6892378424207938,0.9178207345340078,0.3324528725238055,0.3732559714777229,0.13778165763972752,0.1565094983587441
43229,0.6797816415236174,0.7017402358505683,0.9687083721224347,0.3324753865401727,0.3319798234660175,0.14679939980453519,0.18874539018927453
6627,0.7139068093365128,0.7121804265920025,1.0024240805841458,0.35736998369864187,0.3119039214610961,0.1461979587481573,0.18452813609210475
17224,0.7436724238866462,0.7234965079261028,1.0278866805015792,0.366924655890902,0.303437564926893,0.16697472000566216,0.162663059176543
36289,0.7819091130417347,0.7365833386574434,1.0615351610680004,0.3884281145715561,0.27338606694606743,0.1616260458166537,0.17655977266572281
37522,0.8076935262489717,0.7466664040629397,1.081732781673257,0.40135163079421415,0.25478248113747376,0.16141127526857413,0.18245461279973782
3438,0.8395531652160575,0.7597104273164574,1.1050962775140922,0.411632098261302,0.23454981412427892,0.16920651889970098,0.18461156871471815
27245,0.8663015734739564,0.771293028489748,1.1231808683273627,0.40203225089443256,0.21636208393979303,0.18865822831204507,0.19294743685372928
4137,0.8892693199034278,0.7823437543699832,1.1366733803857758,0.44211855031286407,0.20181407315188685,0.1684186722062205,0.18764870432902847
31334,0.9122471949572151,0.7922679925961653,1.1514376492326701,0.42022129819359,0.17966463889180068,0.18753961381270856,0.2125744491019007
23511,0.9391039045624164,0.8052755269767755,1.1661895501631214,0.4268909805788187,0.16137205392550372,0.1940989853301159,0.21763798016556168
40774,0.9606576850071159,0.8162252967794748,1.1769516196049281,0.46265089175247986,0.1501491983521772,0.17971109953072006,0.20748881036462297
349,0.9865781719564658,0.82888982917317,1.1902404122156889,0.45749472093469096,0.14428371787930439,0.21043241347500338,0.18778914771100144
5443,1.006301373217279,0.8393877714886057,1.1988516004142658,0.48315483231929063,0.12881284784702976,0.19616139248079506,0.19187092735288455
42692,1.0257501183420124,0.8492066765120941,1.207892197168099,0.482681251718606,0.11688723897264057,0.20681995150247132,0.19361155780628217
24291,1.0513977047858636,0.8631768656460765,1.218055935730977,0.4924150884244899,0.09176385788920718,0.20054879503194048,0.2152722586543624
48328,1.0717307152402493,0.8741633425381671,1.2260073868213666,0.47189208064601224,0.08005301702472556,0.22854784984529472,0.2195070524839675
5354,1.0897278523871248,0.8860642035729487,1.2298520220012574,0.521344154856964,0.08372524108285286,0.21781349085450846,0.17711711320567478
24729,1.1117874831529302,0.8962633493693346,1.240469649835901,0.4965132721661114,0.05720881380658326,0.23241945127034572,0.2138584627569595
45383,1.133989295884078,0.9096908154163824,1.2465656206114712,0.50816134177311,0.05077432788240879,0.24417752980166998,0.19688680054281119
45088,1.1523992849841393,0.9202853202044723,1.2522195667840221,0.5338415040993415,0.029431907047519704,0.22058892869491964,0.2161376601582191
46190,1.1706986466867673,0.9317640964611985,1.2564324501588249,0.5151293032431756,0.028713228090551445,0.25863989841006435,0.19751757025620853
46106,1.1917480096197637,0.9430517504430561,1.2637143285719659,0.5350010044768302,0.006529245852300816,0.24205378305679953,0.21641596661406948
3185,1.201701130066194,0.9519986378004636,1.2622929092027413,0.5749392072404338,0.00842475908322682,0.22596077373452989,0.19067525994180962
2283,1.221656843003569,0.9633345788584201,1.2681542527532526,0.544001922953207,0.0014250017379347656,0.2677928008924919,0.1867802744163663
1678,1.2301436049488577,0.9774639130307593,1.2585053919122504,0.5307366890730636,0.012610040038634905,0.3039256775725123,0.15272759331578922
34121,1.2430667403636027,0.9845631322164375,1.2625566606025809,0.6068422456448187,0.0019968652578107207,0.24694827844944228,0.14421261064792826
29898,1.257768858185603,0.9972022360426132,1.2612976713500421,0.5857473614577805,0.0030076160813677574,0.2843724473220703,0.1268725751387816
21014,1.2630670842998386,1.011428867952196,1.248794773731469,0.5379849055144315,0.008336347681478881,0.3361020468686148,0.11757669993547497
33841,1.2710512955992441,1.0153627385974608,1.2518199134970922,0.5505591056820911,0.0038723857192043388,0.33091014458635215,0.11465836401235262
5870,1.2907453049870612,1.035005088515984,1.2470907817832702,0.626575248558929,0.001944915901166189,0.2941329590593266,0.07734687648057817
2605,1.2887335488156666,1.0472874279157574,1.2305442751092883,0.5277123403987662,0.006708578530313514,0.3760080458447584,0.0895710352261619
29492,1.2986381654188623,1.0564830477424525,1.2292087111041292,0.6681874118844185,0.008709292468273311,0.28027144007544136,0.042831855571866834
27965,1.3189431845890178,1.0721479164043026,1.2301877048946759,0.584830821397023,6.046021423706687e-05,0.3620014074743219,0.05310731091441809
9895,1.3141948754945068,1.08331214017337,1.2131266942916257,0.5420976253030273,0.007125484452413434,0.39872821181349255,0.05204867843106675
27972,1.3334273545294268,1.0930617317636566,1.219901233188303,0.6690937871349754,0.0011045595321430189,0.3156432860900206,0.014158367242860898
31530,1.3275956604625703,1.0990009580114737,1.2080022776911084,0.6200932576092596,0.012372208553885374,0.361328018009159,0.0062065158276959536
45484,1.320175663160648,1.1157728579247324,1.1831939214008953,0.4670811389517899,0.0018000649381241512,0.4592330958713425,0.07188570023874351
4738,1.3432480858861127,1.130061388337877,1.1886505456679624,0.5204200270747048,0.0004470352379115163,0.445633964081551,0.03349897360583276
38838,1.3495888446784514,1.1415621790100958,1.1822298158552744,0.5478240371858395,0.0064569091067382045,0.4400178195507075,0.005701234156714694
43538,1.335042401576517,1.151267540567204,1.1596282832040685,0.512855192776412,0.019711015295132403,0.4656411730847381,0.0017926188437173709
38816,1.3450087191500497,1.15406667938132,1.1654514796936095,0.4776742334867439,0.0010428805401338957,0.48261768041514186,0.03866520555798035
42803,1.356075147532012,1.1693575724924459,1.1596753460462774,0.5014267373465358,0.004604377175467294,0.4829746166335433,0.010994268844453554
4689,1.3366748440415621,1.1836045964261213,1.129325492717445,0.43844563184550445,0.013847567753156343,0.5192348681288335,0.02847193227250562
7931,1.3479680924829558,1.1993533564266465,1.1239123860036477,0.4599272954697898,0.017186220432250807,0.5214042874297847,0.001482196668174742
41544,1.3548866829887225,1.2048486480464073,1.1245285332606658,0.42376444496049637,0.0003629201526966474,0.5375170116481574,0.03835562323864967
48705,1.3594817105512018,1.222341419518053,1.1121947508636505,0.4230101756646355,0.004491742711446228,0.5494995109925823,0.022998570631335993
30253,1.3399136544208594,1.2290335994771222,1.090217269072961,0.39803214478329485,0.019461420956465796,0.562788272652037,0.01971816160820219
48649,1.3756650750422952,1.2372074713951928,1.1119113866092034,0.4390233275526826,0.0006402620946347117,0.5531868311037437,0.007149579248939003
5973,1.338532602859827,1.253355603655713,1.067959164147569,0.3752226399400538,0.024197322419513664,0.5851572008827111,0.015422836757721587
46335,1.34962137284065,1.264118650008681,1.06763821009316,0.38817489711166914,0.022879589190533036,0.5878170391471956,0.0011284745506021498
47950,1.3429085254839261,1.2784036016208182,1.0504574015446497,0.3225857729367067,0.008983944497132735,0.6130532194074363,0.05537706315872419
13810,1.3228748802917525,1.2862897348666862,1.028442383106523,0.28373115834487095,0.015504817967689653,0.6258387137203517,0.07492530996708763
2677,1.2928453645741447,1.2944893179943402,0.99873003709081,0.21862762205655673,0.0157229521737276,0.6381250958417493,0.12752432992796658
24231,1.3439838069612613,1.3077710137574965,1.0276904693733178,0.3344123891056247,0.027867683919847494,0.6294383573379878,0.008281569636539856
40009,1.3083239033912153,1.324696930329077,0.9876401714512961,0.20934707065111144,0.009242813960788215,0.6575491460845599,0.12386096930354043
20265,1.3676765503673989,1.3285094122260663,1.0294820178019692,0.3098829733171461,0.001582495051254727,0.6462577983731549,0.0422767332584443
8725,1.369615652603483,1.3488806127933923,1.0153720348661182,0.2993203310807506,0.004518140354424914,0.6609754197879599,0.035186108776864476
44945,1.312417795124134,1.3528288015808785,0.9701285141109346,0.22399999616071453,0.02901627182656619,0.6768224622365068,0.07016126977621251
48548,1.340744704652979,1.3718162039139588,0.9773501004199185,0.277008169509197,0.0353152650721823,0.6802818764995594,0.007394688919061331
49886,1.3585605316150464,1.3843590624880957,0.981364277829278,0.25364247705682824,0.010792339184482263,0.6906975553885468,0.044867628370142715
15460,1.3744805379216474,1.3953249270937635,0.9850612651093881,0.2747350803835167,0.009766127810511768,0.6936521611853512,0.02184663062062035
41860,1.322800713540616,1.398520443486671,0.9458572591493356,0.24341389091031945,0.050067424636126935,0.7022644854774565,0.004254198976097151
29068,1.370873921803686,1.4173682003827428,0.9671967534148843,0.25442826463912727,0.013902425260080394,0.7103277629960444,0.021341547104748
31565,1.3305365420915616,1.4206896048205977,0.9365427448591626,0.15613875148116527,0.002505378525147344,0.7203552978497411,0.12100057214394631
27457,1.3710631054405225,1.4417410113100282,0.9509773910050011,0.2377207607648148,0.016623904210469595,0.7273330222883283,0.01832231273638731
6686,1.3109396474602786,1.4492924513583731,0.9045376909481443,0.13216323382670403,0.0243167071138539,0.7416310111099771,0.10188904794946513
11539,1.3369319940034687,1.4617106509741271,0.914635186596265,0.13212424915538443,0.0014015479159827982,0.7464102098459333,0.12006399308269948
37183,1.387614512659498,1.471938645236763,0.9427121960211179,0.22890089832320623,0.008636219631602672,0.7458636821880379,0.01659919985715327
1336,1.3097616188464904,1.4847756737030708,0.8821276116276269,0.15940982623672373,0.05920615326525405,0.7634508259448177,0.017933194553204433
25890,1.354955814169432,1.494783690679501,0.9064561130938579,0.18618026314750682,0.030983816352857328,0.7654624290592945,0.01737349144034135
23192,1.3639754384997373,1.5045379995150685,0.9065742699349327,0.1639286863444526,0.013538388462982508,0.7725146510405937,0.05001827415197118
2389,1.3138490580062454,1.5203310045179426,0.864186189784923,0.07048520124395809,0.016238856069656415,0.7839598304830733,0.12931611220331224
18425,1.328707660082768,1.5246712516224319,0.8714715770162681,0.07939745430437788,0.00805167153939367,0.7859404325360821,0.12661044162014637
9110,1.402279726814007,1.5402533491748072,0.9104214755093896,0.19211139022411175,0.005177837381623857,0.7899220004577338,0.012788771936530578
44468,1.2890777754724956,1.5519159678812837,0.8306363244862918,0.045043409454175495,0.0428639754349163,0.8057777385058219,0.10631487660508632
15991,1.3036699197006332,1.5674853646342992,0.8316951144260187,0.04849704975623991,0.037071549426245125,0.8148221296103615,0.09960927120715349
23547,1.3682983105760096,1.5803021555593126,0.8658460065769708,0.11152986875791296,0.013860494321174638,0.8201794378885098,0.054430199032402676
29477,1.3312373392075088,1.589745310706863,0.8373903229917932,0.10436836506010458,0.053191887404573965,0.8276705913629105,0.01476915617241092
49330,1.3669970939885063,1.6023113413074759,0.8531407465873926,0.08772094361303535,0.010991390203142944,0.8336421609374384,0.06764550524638328
35646,1.3103653360539442,1.605984182332392,0.8159266762832517,0.05994276761095934,0.05605810882749396,0.8390559469917843,0.04494317656976235
10982,1.3716913432332378,1.618045631979154,0.847745771888657,0.11444255966831811,0.029403144480147553,0.842382828014254,0.013771467837280366
17209,1.3085839435431104,1.6327331278019261,0.8014683607876549,0.017230370669754393,0.042910471316580504,0.8536231697853074,0.08623598822835776
36658,1.3573176248129721,1.6478609656295704,0.8236845541725692,0.05419619146960202,0.021950814468040543,0.86158286338363,0.06227013067872749
40856,1.356189269619037,1.6608621148310654,0.8165574116650748,0.07772702346292046,0.04347249201328948,0.8691814166784734,0.009619067845316652
26812,1.2450819351418427,1.6626222690876784,0.7488663891318199,0.006308624496003714,0.1165783462148499,0.8734793475702037,0.003633681718942647
21016,1.3537356799788947,1.6750212666247577,0.808190144777524,0.05081808677574941,0.03634204401292244,0.8780884142511055,0.034751454960222625
5679,1.3695169659311712,1.6875669060183758,0.8115334337542754,0.04462134985177955,0.021513343646113174,0.8847041953004894,0.049161111201617896
29323,1.4174645762569302,1.7115934271097337,0.828154954211596,0.09003029684087002,0.009227794464910876,0.8961145707201742,0.004627337974044976
49999,0.9301217528881821,0.8640902641498137,1.0764173506842336,0.30166344508608955,0.20785192957787754,0.34146135108686243,0.14902327424917047
49999,0.9301217528881821,0.8640902641498137,1.0764173506842336,0.30166344508608955,0.20785192957787754,0.34146135108686243,0.14902327424917047
49999,0.9301217528881821,0.8640902641498137,1.0764173506842336,0.30166344508608955,0.20785192957787754,0.34146135108686243,0.14902327424917047
49999,0.9301217528881821,0.8640902641498137,1.0764173506842336,0.30166344508608955,0.20785192957787754,0.34146135108686243,0.14902327424917047
19201,1.3905651523940326,1.7680402252599594,0.7865008570093898,0.03728841690198713,0.031175712035312473,0.9307415436428675,0.0007943274198328387
49999,0.9301217528881821,0.8640902641498137,1.0764173506842336,0.30166344508608955,0.20785192957787754,0.34146135108686243,0.14902327424917047
49999,0.9301217528881821,0.8640902641498137,1.0764173506842336,0.30166344508608955,0.20785192957787754,0.34146135108686243,0.14902327424917047
12221,1.4365198338055778,1.8128951127172521,0.7923899312919734,0.03740835569084492,0.003160044315520192,0.9551538709703439,0.004277729023290987
